image_width: 1024
image_height: 768
camera_name: cam0
camera_matrix:
  rows: 3
  cols: 3
  data: [548.4088134765625, 0.0, 512.0, 0.0, 548.4088134765625, 384.0, 0.0, 0.0, 1.0]
distortion_model: plumb_bob
distortion_coefficients:
  rows: 1
  cols: 5
  data:  [0.0, 0.0, 0.0, 0.0, 0.0]
projection_matrix:
  rows: 3
  cols: 4
  data: [548.4088134765625, 0.0, 512.0, 0.0, 0.0, 548.4088134765625, 384.0, 0.0, 0.0, 0.0, 1.0, 0.0]
