image_width: 640
image_height: 360
camera_name: cam1
camera_matrix:
  rows: 3
  cols: 3
  data: [457.587, 0.0, 379.999, 0.0, 456.134, 255.238, 0.0, 0.0, 1.0]
distortion_model: plumb_bob
distortion_coefficients:
  rows: 1
  cols: 5
  data:  [-0.28368365,  0.07451284, -0.00010473, -3.55590700e-05, 0.0]

